%%MatrixMarket matrix array real symmetric
%
8 8
1.4103648516115158E-1
0
0
-3.469446951953614E-18
0
-4.336808689942018E-19
-1.0842021724855044E-18
0
1.2411309086059827E-1
4.9199772877628487E-2
0
2.182666661506582E-2
0
0
1.0842021724855044E-18
1.4290887878613578E-1
0
4.919977287764244E-2
0
0
4.336808689942018E-19
1.2480698836396525E-1
0
4.226794724858005E-2
1.2015527321194687E-2
0
1.2411309086057955E-1
0
0
-3.469446951953614E-18
1.0921996847642695E-1
4.226794724856846E-2
0
1.2480698836394716E-1
0
1.0899450912719547E-1
