%%MatrixMarket matrix array real symmetric
%
8 8
8.555888886964548E-2
0
0
3.469446951953614E-18
0
-2.3852447794681098E-18
-8.023096076392733E-18
0
1.0559702283467061E-1
3.378114581852794E-2
0
1.2045349212442708E-2
0
0
-5.854691731421724E-18
1.1757677814655773E-1
0
3.37811458185322E-2
0
0
-2.8189256484623115E-18
1.4201698816465666E-1
0
4.042851513786505E-2
7.589124551377057E-3
0
1.0559702283468266E-1
0
0
3.469446951953614E-18
1.3014532938923265E-1
4.042851513786706E-2
0
1.420169881646712E-1
0
1.7149098159588302E-1
