%%MatrixMarket matrix array real symmetric
%
8 8
7.945723338522429E-1
0
0
-3.469446951953614E-18
0
-1.214306433183765E-17
-1.734723475976807E-17
0
5.9153656551369685E-2
-7.15253958090132E-2
0
5.87282554940515E-2
0
0
-6.938893903907228E-18
8.691905419280023E-2
0
-7.152539387849981E-2
0
0
-1.734723475976807E-18
4.2791540104378245E-5
0
-7.03695201855481E-5
4.279259093056299E-5
0
5.9153653904787676E-2
0
0
-6.938893903907228E-18
1.1571847656542678E-4
-7.036875554452746E-5
0
4.279148212986417E-5
0
1.3877787807814457E-17
