%%MatrixMarket matrix array real symmetric
%
8 8
5.81203714756744E-1
0
0
-1.734723475976807E-17
0
1.734723475976807E-18
-6.938893903907228E-18
0
1.3407365728560533E-1
-8.691999209423452E-2
0
6.021597444480094E-2
0
0
6.938893903907228E-18
9.515549989572124E-2
0
-8.69199920948556E-2
0
0
0
1.2636917325470814E-2
0
-1.954182804423817E-2
1.2636917325020773E-2
0
1.3407365728578985E-1
0
0
-3.469446951953614E-18
3.0219636125272578E-2
-1.9541828044350566E-2
0
1.2636917325377826E-2
0
1.8346435481930712E-14
