%%MatrixMarket matrix array real symmetric
%
8 8
1.4791497343305646E-1
0
0
0
0
2.8189256484623115E-18
-5.204170427930421E-18
0
1.2864206574758108E-1
-3.5309015685362155E-2
0
1.1762380176122017E-2
0
0
-6.938893903907228E-18
1.4014402505305307E-1
0
-3.5309015685353155E-2
0
0
6.505213034913027E-19
1.2003851402757353E-1
0
-3.000225623444274E-2
5.6380481352185695E-3
0
1.2864206574755296E-1
0
0
-3.469446951953614E-18
1.1178389121153644E-1
-3.0002256234434043E-2
0
1.200385140275492E-1
0
1.027959507520974E-1
