%%MatrixMarket matrix array real symmetric
%
8 8
4.688075504278855E-1
0
0
6.938893903907228E-18
0
1.3877787807814457E-17
-1.734723475976807E-18
0
1.633242488600015E-1
-9.602164830092823E-2
0
6.858904754024991E-2
0
0
1.734723475976807E-18
1.0454203454707903E-1
0
-9.602164694989418E-2
0
0
5.204170427930421E-18
2.375475451171163E-2
0
-3.479212434704354E-2
2.3192996381043083E-2
0
1.633242547548265E-1
0
0
6.938893903907228E-18
5.2208926430056785E-2
-3.47921296631555E-2
0
2.3754758057012406E-2
0
2.8347241142654203E-4
