%%MatrixMarket matrix array real symmetric
%
8 8
2.1846569777319216E-1
0
0
3.469446951953614E-18
0
4.336808689942018E-19
-8.673617379884035E-19
0
1.3871161584735417E-1
-4.8777685918713135E-2
0
2.0843928374855377E-2
0
0
8.673617379884035E-19
1.56342233628839E-1
0
-4.877768591867626E-2
0
0
-4.336808689942018E-19
9.869611164792384E-2
0
-3.0339947170724302E-2
8.64136878041128E-3
0
1.3871161584763778E-1
0
0
1.0408340855860843E-17
8.807279532689065E-2
-3.033994717076066E-2
0
9.869611164811122E-2
0
6.230381828005106E-2
