%%MatrixMarket matrix array real symmetric
%
8 8
7.017712451624136E-1
0
0
3.469446951953614E-18
0
-6.938893903907228E-18
1.0408340855860843E-17
0
1.0326450119323077E-1
5.896074191047796E-2
0
4.183946884509878E-2
0
0
-3.469446951953614E-18
6.537186943126115E-2
0
5.8960741935242644E-2
0
0
-5.204170427930421E-18
6.2145393179110775E-3
0
9.293799088398395E-3
6.214541424317934E-3
0
1.0326450111035845E-1
0
0
3.469446951953614E-18
1.3898804922061456E-2
9.293799041196382E-3
0
6.214539297935931E-3
0
-4.351723703610588E-10
