%%MatrixMarket matrix array real symmetric
%
8 8
4.138864124341631E-1
0
0
-3.469446951953614E-18
0
-6.505213034913027E-19
-3.469446951953614E-18
0
1.3901418741378546E-1
2.822542934041098E-2
0
8.344624179441257E-3
0
0
-1.3010426069826053E-17
1.4705136013390702E-1
0
2.8225429340418932E-2
0
0
-3.469446951953614E-18
4.901228659754885E-2
0
9.351007884205351E-3
1.763797764377448E-3
0
1.390141874139183E-1
0
0
-3.469446951953614E-18
4.66754141226673E-2
9.351007884276327E-3
0
4.901228659759265E-2
0
1.633386528641735E-2
