%%MatrixMarket matrix array real symmetric
%
8 8
4.063175929794204E-1
0
0
-5.204170427930421E-18
0
-4.336808689942018E-18
6.938893903907228E-18
0
1.3782661843510935E-1
4.0542264335386415E-2
0
1.6454842586750493E-2
0
0
5.204170427930421E-18
1.515480404180326E-1
0
4.054226433538554E-2
0
0
-4.336808689942018E-18
5.121179208285675E-2
0
1.352850545651582E-2
3.8661229568720855E-3
0
1.3782661843528649E-1
0
0
-6.938893903907228E-18
4.675203582699194E-2
1.3528505456579968E-2
0
5.121179208291687E-2
0
1.730550973938575E-2
