%%MatrixMarket matrix array real symmetric
%
8 8
3.2352073577170803E-1
0
0
6.938893903907228E-18
0
5.637851296924623E-18
1.734723475976807E-18
0
1.4496200407405996E-1
3.170252065975282E-2
0
9.632348199729303E-3
0
0
-2.6020852139652106E-18
1.5424581273061322E-1
0
3.1702520659746325E-2
0
0
2.8189256484623115E-18
6.848848167415396E-2
0
1.398583629132006E-2
2.6355502463653504E-3
0
1.4496200407437315E-1
0
0
3.469446951953614E-18
6.492629436713848E-2
1.3985836291317963E-2
0
6.84884816742967E-2
0
3.0406185633656532E-2
