%%MatrixMarket matrix array real symmetric
%
8 8
8.705734392711449E-1
0
0
-5.204170427930421E-18
0
-8.673617379884035E-18
6.938893903907228E-18
0
3.7338603846403695E-2
4.496033474028748E-2
0
3.6871024808544275E-2
0
0
-5.204170427930421E-18
5.462246107171753E-2
0
4.4960355379371826E-2
0
0
1.734723475976807E-18
2.6980372037813116E-5
0
4.4348400507642285E-5
2.6968556517769846E-5
0
3.733861417976342E-2
0
0
-3.469446951953614E-18
7.292176671980233E-5
4.4354933836461205E-5
0
2.6979492212697576E-5
0
-1.3877787807814457E-17
