%%MatrixMarket matrix array real symmetric
%
8 8
7.219651181814364E-1
0
0
1.734723475976807E-17
0
5.204170427930421E-18
-1.214306433183765E-17
0
9.477796760722487E-2
5.993453719525822E-2
0
4.140572680777648E-2
0
0
-1.0408340855860843E-17
6.624258154685111E-2
0
5.993453719599162E-2
0
0
5.204170427930421E-18
5.067247433622982E-3
0
7.830911227478041E-3
5.067247432713135E-3
0
9.477796760691995E-2
0
0
-6.938893903907228E-18
1.210187019039835E-2
7.830911228122817E-3
0
5.067247433553149E-3
0
-6.7584826624056404E-15
