%%MatrixMarket matrix array real symmetric
%
8 8
3.807666551835769E-1
0
0
6.938893903907228E-18
0
2.2551405187698492E-17
-6.938893903907228E-18
0
1.7400356663297345E-1
-1.1814584440271914E-1
0
8.204058707062754E-2
0
0
-6.938893903907228E-18
1.2755786348090878E-1
0
-1.1814584440292039E-1
0
0
1.5612511283791264E-17
3.2650915440680696E-2
0
-5.05839749929273E-2
3.2650915440510936E-2
0
1.740035666330112E-1
0
0
-6.938893903907228E-18
7.836651718825062E-2
-5.0583974992924295E-2
0
3.2650915440598345E-2
0
6.505213034913027E-17
