%%MatrixMarket matrix array real symmetric
%
8 8
3.347284121300111E-2
0
0
-1.0408340855860843E-17
0
-3.2526065174565133E-19
6.938893903907228E-18
0
6.789493140482329E-2
-2.8036933482689142E-2
0
1.1263005203142771E-2
0
0
8.673617379884035E-18
7.950407236435662E-2
0
-2.8036933482689874E-2
0
0
3.2526065174565133E-19
1.5531937144855734E-1
0
-5.414153039383237E-2
1.0174413937742105E-2
0
6.789493140483786E-2
0
0
-1.0408340855860843E-17
1.372826418910535E-1
-5.4141530393841474E-2
0
1.5531937144858593E-1
0
3.033118388247844E-1
