%%MatrixMarket matrix array real symmetric
%
8 8
2.1090818550660895E-1
0
0
-6.938893903907228E-18
0
-1.951563910473908E-18
-8.673617379884035E-18
0
1.4033926892866455E-1
3.47994928117437E-2
0
1.1108871309894502E-2
0
0
-6.938893903907228E-18
1.5111126152249815E-1
0
3.4799492811720636E-2
0
0
-4.9873299934333204E-18
9.934114568857706E-2
0
2.2711317460345562E-2
4.272858872259236E-3
0
1.4033926892868276E-1
0
0
-6.938893903907228E-18
9.332380639217715E-2
2.271131746033067E-2
0
9.934114568858803E-2
0
6.529591734420338E-2
