%%MatrixMarket matrix array real symmetric
%
8 8
2.1021751270207029E-1
0
0
0
0
-6.938893903907228E-18
-1.8214596497756474E-17
0
1.8164272752195681E-1
1.3130264270178477E-1
0
9.06538114289776E-2
0
0
-1.6479873021779667E-17
1.4077996697708844E-1
0
1.31302642701771E-1
0
0
-6.938893903907228E-18
6.470183027370355E-2
0
1.0056720828540354E-1
6.470183027372872E-2
0
1.8164272752194777E-1
0
0
1.3877787807814457E-17
1.563134047295347E-1
1.0056720828537644E-1
0
6.470183027369247E-2
0
5.956173054766367E-15
