%%MatrixMarket matrix array real symmetric
%
8 8
4.865136324357561E-3
0
0
-3.469446951953614E-18
0
-2.168404344971009E-19
6.938893903907228E-18
0
2.2523683943856516E-2
1.5422898335154613E-2
0
7.751488733664846E-3
0
0
5.204170427930421E-18
3.129222184403961E-2
0
1.5422898335154743E-2
0
0
2.168404344971009E-19
1.3155843285221164E-1
0
6.37130633671145E-2
1.2200277957274746E-2
0
2.252368394385773E-2
0
0
-3.469446951953614E-18
1.0291579617730894E-1
6.371306336711652E-2
0
1.3155843285221724E-1
0
5.527626120621508E-1
