%%MatrixMarket matrix array real symmetric
%
8 8
6.866058426423453E-1
0
0
-6.938893903907228E-18
0
1.3877787807814457E-17
-1.214306433183765E-17
0
1.0531554509795207E-1
-6.69892094971459E-2
0
4.631327858344446E-2
0
0
-1.0408340855860843E-17
7.386612643938759E-2
0
-6.698920949740866E-2
0
0
2.0816681711721685E-17
6.584139096479098E-3
0
-1.017642873944106E-2
6.584139096056714E-3
0
1.0531554509787769E-1
0
0
1.3877787807814457E-17
1.5728662529496305E-2
-1.0176428739702018E-2
0
6.584139096452786E-3
0
9.152401059253634E-15
