%%MatrixMarket matrix array real symmetric
%
8 8
3.5212398176004217E-1
0
0
3.469446951953614E-18
0
-8.673617379884035E-19
-8.673617379884035E-19
0
1.417265793970816E-1
-4.3490320399174894E-2
0
1.7858899028249726E-2
0
0
8.673617379884035E-19
1.5664530495749465E-1
0
-4.3490320399211926E-2
0
0
0
6.278480252726476E-2
0
-1.7204308924931758E-2
4.912779950312424E-3
0
1.417265793966793E-1
0
0
-5.204170427930421E-18
5.704359601356187E-2
-1.720430892488224E-2
0
6.278480252709648E-2
0
2.5164353420779266E-2
