%%MatrixMarket matrix array real symmetric
%
8 8
5.941341374776515E-1
0
0
1.3877787807814457E-17
0
-1.214306433183765E-17
1.214306433183765E-17
0
1.3416415686282948E-1
-7.758562408838368E-2
0
5.523545542331011E-2
0
0
1.3877787807814457E-17
8.502128207535814E-2
0
-7.758562411716605E-2
0
0
-2.2551405187698492E-17
1.2390466606985166E-2
0
-1.8537898501398413E-2
1.2390465280262492E-2
0
1.341641568038844E-1
0
0
3.469446951953614E-18
2.773533314918466E-2
-1.8537898458102185E-2
0
1.2390466584691569E-2
0
4.394150113218309E-10
