%%MatrixMarket matrix array real symmetric
%
8 8
7.502525125243552E-1
0
0
1.3877787807814457E-17
0
-5.204170427930421E-18
-8.673617379884035E-18
0
8.60628914909817E-2
-5.417778625732256E-2
0
3.740645767008692E-2
0
0
1.0408340855860843E-17
5.999092746235893E-2
0
-5.417778625873546E-2
0
0
-1.214306433183765E-17
4.018110474338948E-3
0
-6.209024583991737E-3
4.018110473258589E-3
0
8.606289149074789E-2
0
0
1.5612511283791264E-17
9.59455608300444E-3
-6.2090245843357435E-3
0
4.018110474171166E-3
0
4.182765245275277E-14
