%%MatrixMarket matrix array real symmetric
%
8 8
6.706743297066105E-1
0
0
1.0408340855860843E-17
0
6.938893903907228E-18
5.204170427930421E-18
0
1.120073320757697E-1
-6.391970875863393E-2
0
4.530450781993701E-2
0
0
-1.5612511283791264E-17
7.211884010622012E-2
0
-6.391970814438541E-2
0
0
5.204170427930421E-18
7.97385252419519E-3
0
-1.1384004013482251E-2
7.5854156013859236E-3
0
1.120073335454438E-1
0
0
3.469446951953614E-18
1.7151638755814907E-2
-1.1384005076446305E-2
0
7.973852927090963E-3
0
9.282035885471718E-5
