%%MatrixMarket matrix array real symmetric
%
8 8
3.713635475651797E-1
0
0
-8.673617379884035E-18
0
3.2526065174565133E-18
6.071532165918825E-18
0
1.4266286880913998E-1
-2.99347999743998E-2
0
8.956171778774804E-3
0
0
1.214306433183765E-17
1.5128906355646E-1
0
-2.9934799974394695E-2
0
0
-3.0357660829594124E-18
5.763979252459223E-2
0
-1.1334175974445613E-2
2.136996124614054E-3
0
1.4266286880898035E-1
0
0
-1.0408340855860843E-17
5.478461000524338E-2
-1.1334175974436915E-2
0
5.763979252453206E-2
0
2.1957456205872423E-2
