%%MatrixMarket matrix array real symmetric
%
8 8
4.531608220043587E-1
0
0
1.734723475976807E-18
0
-6.938893903907228E-18
3.469446951953614E-18
0
1.327002555352121E-1
-3.777603371417964E-2
0
1.5197353405524777E-2
0
0
7.806255641895632E-18
1.4536549643350824E-1
0
-3.777603371392478E-2
0
0
-1.734723475976807E-18
4.241826132705484E-2
0
-1.0889090009926022E-2
3.1135981346994256E-3
0
1.3270025553575895E-1
0
0
-3.469446951953614E-18
3.8858957343724826E-2
-1.0889090009911905E-2
0
4.2418261327219445E-2
0
1.2377690493162844E-2
