%%MatrixMarket matrix array real symmetric
%
8 8
8.847641838137684E-1
0
0
8.673617379884035E-18
0
-1.3877787807814457E-17
-5.204170427930421E-18
0
3.326682276054095E-2
-3.999992491182538E-2
0
3.2791338717988235E-2
0
0
-1.214306433183765E-17
4.8589328446459065E-2
0
-3.999985388532063E-2
0
0
0
2.400617598621868E-5
0
-3.9491931988754406E-5
2.404670079506066E-5
0
3.326676933431587E-2
0
0
-1.734723475976807E-18
6.488173552211818E-5
-3.9467884892027336E-5
0
2.4007733407285792E-5
0
-2.7755575615628914E-17
